1800
1807
1815
1837
1839
1840
1846
1855
1867
1883
1887
1899
1904
1906
1918
1924
1936
1967
1972
1978
1979
1980
1982
1984
1991
2039
2048
2059
2067
2073
2095
2102
2109
2111
2137
2140
2142
2151
2152
2161
2162
2163
2168
2169
2179
2180
2183
2185
2190
2193
2209
2230
2234
2247
2282
2287
2294
2308
2309
2341
2378
2394
2399
2400
2401
2405
2410
2449
2462
2477
2500
2504
2526
2532
2536
2545
2569
2581
2582
2586
2594
2600
2629
2633
2643
2662
2668
2679
2681
2689
2701
2733
4412
5542
5611
5636
5662
41292
41748
42874
