19500,2287
19500,2294
19500,2309
19500,2378
19500,2394
19500,2401
19500,2405
19500,2449
19500,2462
19500,2500
19500,2504
19500,2532
19500,2581
19500,2582
19500,2629
19500,2643
19500,2679
19500,2689
19500,5542
19500,5611
19500,5636
19500,42874
19500,1837
19500,1839
19500,1855
19500,1883
19500,1899
19500,1904
19500,1906
19500,1918
19500,1967
19500,1979
19500,1980
19500,1982
19500,1984
19500,1991
19500,2048
19500,2059
19500,2095
19500,2102
19500,2142
19500,2161
19500,2162
19500,2163
19500,2168
19500,2169
19500,2190
19500,2193
19500,2209
19500,2247
19500,2282
19539,1800
19539,1807
19539,1846
19539,1867
19539,1904
19539,1979
19539,2048
19539,2067
19539,2073
19539,2095
19539,2102
19539,2152
19539,2163
19539,2179
19539,2183
19539,2209
19539,2230
19539,2234
19539,2282
19539,2287
19539,2309
19539,2394
19539,2462
19539,2500
19539,2569
19539,2581
19539,2594
19539,2629
19539,2633
19539,2643
19539,2679
19539,2689
19539,5611
19539,41748
19506,2282
19506,2287
19506,2308
19506,2309
19506,2378
19506,2399
19506,2401
19506,2405
19506,2410
19506,2504
19506,2526
19506,2536
19506,2582
19506,2586
19506,2600
19506,2633
19506,2668
19506,2679
19506,2681
19506,4412
19506,5542
19506,5611
19506,5636
19506,5662
19506,41292
19506,41748
19506,42874
19506,1800
19506,1807
19506,1837
19506,1839
19506,1867
19506,1883
19506,1887
19506,1904
19506,1906
19506,1918
19506,1967
19506,1979
19506,1980
19506,1982
19506,1991
19506,2048
19506,2059
19506,2067
19506,2073
19506,2095
19506,2102
19506,2109
19506,2137
19506,2140
19506,2142
19506,2151
19506,2162
19506,2163
19506,2168
19506,2169
19506,2179
19506,2183
19506,2185
19506,2193
19506,2209
19506,2234
19488,2059
19488,2111
19488,2137
19488,2140
19488,2161
19488,2230
19488,2309
19488,2400
19488,2410
19488,2504
19488,2545
19584,1800
19584,1807
19584,1815
19584,1839
19584,1867
19584,1883
19584,1906
19584,1924
19584,1936
19584,1972
19584,1979
19584,1982
19584,1984
19584,1991
19584,2039
19584,2059
19584,2067
19584,2095
19584,2102
19584,2137
19584,2140
19584,2152
19584,2161
19584,2169
19584,2179
19584,2180
19584,2183
19584,2190
19584,2193
19584,2230
19584,2282
19584,2287
19584,2294
19584,2309
19584,2341
19584,2378
19584,2394
19584,2400
19584,2405
19584,2410
19584,2477
19584,2500
19584,2545
19584,2569
19584,2581
19584,2600
19584,2629
19584,2643
19584,2662
19584,2679
19584,2689
19584,2701
19584,5542
19584,5611
19584,5636
19584,5662
19584,41748
19584,42874
19568,1837
19568,1839
19568,1840
19568,1846
19568,1867
19568,1883
19568,1906
19568,1918
19568,1936
19568,1967
19568,1978
19568,1979
19568,1982
19568,1984
19568,1991
19568,2039
19568,2073
19568,2111
19568,2137
19568,2151
19568,2152
19568,2169
19568,2193
19568,2209
19568,2234
19568,2247
19568,2282
19568,2287
19568,2308
19568,2309
19568,2341
19568,2400
19568,2401
19568,2449
19568,2462
19568,2477
19568,2500
19568,2532
19568,2569
19568,2594
19568,2629
19568,2662
19568,2668
19568,2679
19568,2681
19568,2733
19568,4412
19568,5662
19568,41292
19568,42874
19568,2545
19607,1800
19607,1815
19607,1837
19607,1839
19607,1840
19607,1846
19607,1855
19607,1924
19607,1936
19607,1984
19607,1991
19607,2059
19607,2073
19607,2111
19607,2140
19607,2168
19607,2179
19607,2190
19607,2193
19607,2287
19607,2294
19607,2309
19607,2400
19607,2532
19607,2545
19607,2569
19607,2581
19607,2582
19607,2643
19607,2681
19607,2701
19607,5611
19542,1807
19542,1846
19542,2048
19542,2073
19542,2399
19542,2401
19542,2600
19559,1800
19559,1807
19559,1815
19559,1837
19559,1855
19559,1887
19559,1899
19559,1980
19559,1984
19559,2048
19559,2059
19559,2095
19559,2102
19559,2109
19559,2111
19559,2140
19559,2163
19559,2179
19559,2180
19559,2190
19559,2209
19559,2230
19559,2234
19559,2247
19559,2282
19559,2308
19559,2394
19559,2400
19559,2401
19559,2462
19559,2504
19559,2569
19559,2582
19559,2586
19559,2594
19559,2600
19559,2633
19559,2681
19559,2733
19559,4412
19559,5662
19559,41292
19559,41748
19518,1815
19518,1839
19518,1840
19518,1846
19518,1883
19518,1904
19518,1918
19518,1924
19518,1936
19518,1967
19518,1972
19518,1978
19518,1979
19518,1980
19518,1982
19518,1991
19518,2039
19518,2095
19518,2109
19518,2111
19518,2137
19518,2140
19518,2142
19518,2152
19518,2163
19518,2180
19518,2183
19518,2185
19518,2230
19518,2247
19518,2282
19518,2294
19518,2309
19518,2341
19518,2378
19518,2410
19518,2500
19518,2569
19518,2594
19518,2629
19518,2633
19518,2643
19518,2689
19518,2733
19518,4412
19518,5542
19518,41748
19518,42874
19520,1800
19520,1807
19520,1839
19520,1867
19520,1887
19520,1904
19520,1906
19520,1967
19520,1980
19520,1984
19520,1991
19520,2039
19520,2059
19520,2073
19520,2109
19520,2140
19520,2142
19520,2151
19520,2152
19520,2161
19520,2162
19520,2163
19520,2168
19520,2169
19520,2179
19520,2183
19520,2193
19520,2209
19520,2234
19520,2247
19520,2287
19520,2294
19520,2308
19520,2309
19520,2341
19520,2400
19520,2405
19520,2449
19520,2477
19520,2504
19520,2532
19520,2536
19520,2581
19520,2600
19520,2643
19520,2668
19520,4412
19520,5542
19520,5611
19520,5662
19520,41748
19520,42874
19520,2679
19469,1837
19469,1839
19469,1846
19469,1887
19469,1904
19469,1924
19469,1936
19469,2059
19469,2109
19469,2161
19469,2169
19469,2180
19469,2230
19469,2287
19469,2532
19469,2545
19469,2629
19469,2668
19469,2679
19469,4412
19469,42874
19517,1837
19517,1887
19517,1904
19517,1936
19517,1984
19517,2140
19517,2142
19517,2152
19517,2161
19517,2179
19517,2209
19517,2234
19517,2287
19517,2294
19517,2410
19517,2462
19517,2477
19517,2504
19517,2545
19517,2569
19517,2594
19517,2600
19517,2629
19517,2633
19517,2643
19517,2662
19517,2668
19517,2681
19517,41292
19548,1807
19548,1837
19548,1840
19548,1846
19548,1855
19548,1867
19548,1887
19548,1899
19548,1906
19548,1936
19548,1972
19548,1978
19548,1980
19548,1982
19548,1991
19548,2048
19548,2067
19548,2109
19548,2111
19548,2142
19548,2152
19548,2162
19548,2168
19548,2183
19548,2185
19548,2190
19548,2209
19548,2234
19548,2287
19548,2294
19548,2308
19548,2309
19548,2378
19548,2394
19548,2399
19548,2400
19548,2401
19548,2410
19548,2449
19548,2462
19548,2532
19548,2536
19548,2545
19548,2581
19548,2586
19548,2629
19548,2633
19548,2681
19548,2733
19548,4412
19548,41292
19548,41748
19548,42874
19477,1840
19477,1883
19477,1906
19477,1979
19477,2059
19477,2073
19477,2111
19477,2142
19477,2151
19477,2152
19477,2161
19477,2162
19477,2179
19477,2247
19477,2287
19477,2341
19477,2405
19477,2536
19477,2569
19477,2581
19477,2643
19484,1837
19484,1839
19484,1883
19484,1887
19484,1918
19484,1967
19484,1972
19484,1978
19484,1982
19484,1984
19484,1991
19484,2039
19484,2067
19484,2095
19484,2111
19484,2140
19484,2163
19484,2169
19484,2183
19484,2185
19484,2247
19484,2294
19484,2308
19484,2309
19484,2399
19484,2400
19484,2401
19484,2405
19484,2410
19484,2477
19484,2594
19484,2668
19484,2679
19484,2701
19484,2733
19484,4412
19484,5542
19484,5662
19484,42874
19545,1840
19545,1899
19545,1904
19545,1906
19545,1924
19545,1936
19545,1967
19545,1978
19545,2073
19545,2102
19545,2140
19545,2151
19545,2163
19545,2168
19545,2169
19545,2180
19545,2185
19545,2190
19545,2282
19545,2309
19545,2378
19545,2400
19545,2449
19545,2477
19545,2500
19545,2504
19545,2526
19545,2532
19545,2536
19545,2581
19545,2594
19545,2643
19545,2662
19545,2681
19545,2689
19545,2733
19545,4412
19545,5542
19545,5636
19545,41748
19499,1807
19499,1815
19499,1837
19499,1867
19499,1887
19499,1899
19499,1904
19499,1918
19499,1924
19499,1967
19499,1978
19499,1982
19499,1991
19499,2048
19499,2059
19499,2067
19499,2102
19499,2137
19499,2142
19499,2151
19499,2152
19499,2162
19499,2168
19499,2180
19499,2183
19499,2193
19499,2230
19499,2234
19499,2247
19499,2282
19499,2399
19499,2405
19499,2410
19499,2462
19499,2477
19499,2500
19499,2504
19499,2532
19499,2536
19499,2569
19499,2581
19499,2582
19499,2586
19499,2594
19499,2629
19499,2633
19499,2643
19499,2679
19499,2701
19499,4412
19499,5542
19499,5636
19508,1800
19508,1807
19508,1839
19508,1840
19508,1846
19508,1887
19508,1918
19508,1936
19508,1972
19508,1978
19508,1980
19508,1982
19508,1984
19508,1991
19508,2048
19508,2067
19508,2095
19508,2102
19508,2111
19508,2137
19508,2151
19508,2152
19508,2161
19508,2163
19508,2168
19508,2183
19508,2209
19508,2230
19508,2234
19508,2247
19508,2282
19508,2309
19508,2378
19508,2399
19508,2405
19508,2410
19508,2500
19508,2504
19508,2526
19508,2545
19508,2569
19508,2581
19508,2582
19508,2586
19508,2594
19508,2629
19508,2668
19508,2679
19508,2689
19508,2701
19508,5636
19508,41292
19472,1807
19472,1815
19472,1839
19472,1840
19472,1855
19472,1899
19472,1906
19472,1967
19472,1972
19472,1980
19472,1991
19472,2048
19472,2067
19472,2073
19472,2102
19472,2109
19472,2111
19472,2183
19472,2185
19472,2193
19472,2209
19472,2234
19472,2294
19472,2449
19472,2477
19472,2545
19472,2569
19472,2581
19472,2681
19472,2689
19472,2733
19472,5542
19472,5636
19472,41292
19513,1815
19513,1837
19513,1840
19513,1846
19513,1867
19513,1887
19513,1899
19513,1904
19513,1906
19513,1918
19513,1924
19513,1967
19513,1979
19513,1980
19513,1982
19513,1984
19513,1991
19513,2039
19513,2059
19513,2073
19513,2095
19513,2102
19513,2111
19513,2140
19513,2151
19513,2152
19513,2161
19513,2162
19513,2168
19513,2179
19513,2180
19513,2185
19513,2190
19513,2193
19513,2209
19513,2234
19513,2247
19513,2287
19513,2294
19513,2308
19513,2341
19513,2378
19513,2399
19513,2449
19513,2477
19513,2504
19513,2536
19513,2545
19513,2569
19513,2581
19513,2582
19513,2586
19513,2629
19513,2643
19513,2689
19513,2701
19513,4412
19513,5636
19513,5662
19513,41292
19563,1800
19563,1887
19563,1936
19563,1967
19563,1979
19563,1991
19563,2073
19563,2142
19563,2151
19563,2163
19563,2179
19563,2185
19563,2247
19563,2287
19563,2294
19563,2308
19563,2394
19563,2399
19563,2545
19563,2569
19563,2582
19563,2662
19563,2679
19563,4412
19606,1807
19606,1839
19606,1840
19606,1846
19606,1867
19606,1883
19606,1887
19606,1899
19606,1936
19606,1978
19606,1979
19606,1991
19606,2073
19606,2095
19606,2102
19606,2111
19606,2140
19606,2151
19606,2152
19606,2161
19606,2162
19606,2163
19606,2168
19606,2169
19606,2179
19606,2183
19606,2185
19606,2193
19606,2230
19606,2234
19606,2247
19606,2282
19606,2294
19606,2341
19606,2378
19606,2394
19606,2399
19606,2400
19606,2401
19606,2405
19606,2410
19606,2462
19606,2500
19606,2526
19606,2532
19606,2536
19606,2569
19606,2581
19606,2586
19606,2600
19606,2633
19606,2643
19606,2668
19606,2679
19606,2701
19606,2733
19606,4412
19606,5611
19606,5636
19606,5662
19606,41748
19581,1800
19581,1807
19581,1840
19581,1846
19581,1855
19581,1924
19581,1967
19581,1982
19581,1984
19581,2039
19581,2048
19581,2067
19581,2073
19581,2095
19581,2102
19581,2111
19581,2162
19581,2163
19581,2168
19581,2185
19581,2193
19581,2209
19581,2230
19581,2234
19581,2247
19581,2294
19581,2309
19581,2400
19581,2401
19581,2410
19581,2449
19581,2477
19581,2500
19581,2504
19581,2532
19581,2536
19581,2545
19581,2569
19581,2581
19581,2629
19581,2633
19581,2662
19581,2668
19581,2701
19581,2733
19581,4412
19581,5542
19581,5611
19581,41748
19581,42874
19580,1800
19580,1815
19580,1837
19580,1840
19580,1867
19580,1904
19580,1924
19580,1936
19580,1991
19580,2067
19580,2102
19580,2111
19580,2142
19580,2151
19580,2152
19580,2162
19580,2179
19580,2180
19580,2185
19580,2282
19580,2287
19580,2294
19580,2309
19580,2400
19580,2449
19580,2477
19580,2526
19580,2536
19580,2581
19580,2600
19580,2643
19580,2668
19580,2679
19580,5542
19580,5611
19580,5636
19580,5662
19536,1807
19536,1837
19536,1839
19536,1840
19536,1867
19536,1883
19536,1904
19536,1918
19536,1924
19536,1936
19536,1967
19536,1972
19536,1979
19536,1982
19536,2039
19536,2048
19536,2059
19536,2067
19536,2073
19536,2109
19536,2111
19536,2137
19536,2140
19536,2151
19536,2161
19536,2168
19536,2179
19536,2183
19536,2185
19536,2193
19536,2209
19536,2247
19536,2282
19536,2294
19536,2309
19536,2378
19536,2394
19536,2400
19536,2401
19536,2405
19536,2410
19536,2449
19536,2462
19536,2500
19536,2532
19536,2545
19536,2569
19536,2586
19536,2629
19536,2662
19536,2668
19536,2679
19536,2689
19536,4412
19536,5611
19536,5636
19536,41292
19540,1800
19540,1807
19540,1815
19540,1837
19540,1839
19540,1840
19540,1855
19540,1867
19540,1883
19540,1887
19540,1899
19540,1904
19540,1906
19540,1918
19540,1924
19540,1936
19540,1967
19540,1972
19540,1978
19540,2039
19540,2109
19540,2111
19540,2142
19540,2151
19540,2161
19540,2162
19540,2163
19540,2168
19540,2183
19540,2185
19540,2209
19540,2234
19540,2282
19540,2287
19540,2308
19540,2378
19540,2394
19540,2400
19540,2401
19540,2410
19540,2500
19540,2504
19540,2532
19540,2536
19540,2545
19540,2569
19540,2581
19540,2582
19540,2600
19540,2629
19540,2643
19540,2681
19540,2701
19540,2733
19540,4412
19540,5542
19540,5611
19540,5662
19540,41292
19540,41748
19540,42874
19554,1839
19554,1855
19554,1924
19554,1936
19554,2073
19554,2095
19554,2102
19554,2109
19554,2140
19554,2168
19554,2169
19554,2180
19554,2185
19554,2247
19554,2287
19554,2309
19554,2378
19554,2410
19554,2462
19554,2477
19554,2526
19554,2532
19554,2586
19554,2594
19554,2600
19554,2633
19554,2689
19554,4412
19554,5636
19498,1800
19498,1807
19498,1840
19498,1846
19498,1855
19498,1867
19498,1883
19498,1887
19498,1899
19498,1924
19498,1967
19498,1978
19498,1979
19498,1980
19498,1984
19498,2059
19498,2073
19498,2102
19498,2109
19498,2142
19498,2151
19498,2152
19498,2161
19498,2162
19498,2163
19498,2179
19498,2183
19498,2185
19498,2193
19498,2230
19498,2234
19498,2247
19498,2282
19498,2287
19498,2294
19498,2308
19498,2394
19498,2399
19498,2400
19498,2401
19498,2462
19498,2477
19498,2569
19498,2600
19498,2643
19498,2679
19498,2733
19498,4412
19498,5636
19498,42874
19551,1837
19551,1840
19551,1846
19551,1887
19551,1904
19551,1918
19551,1936
19551,1967
19551,1978
19551,2048
19551,2067
19551,2073
19551,2161
19551,2168
19551,2169
19551,2193
19551,2282
19551,2378
19551,2394
19551,2410
19551,2462
19551,2477
19551,2545
19551,2569
19551,2581
19551,2586
19551,2594
19551,2662
19551,2679
19551,2681
19551,41748
19569,1807
19569,1840
19569,1846
19569,1855
19569,1867
19569,1887
19569,1979
19569,1980
19569,1984
19569,1991
19569,2039
19569,2095
19569,2102
19569,2152
19569,2162
19569,2168
19569,2179
19569,2180
19569,2183
19569,2185
19569,2230
19569,2287
19569,2378
19569,2399
19569,2449
19569,2526
19569,2532
19569,2536
19569,2586
19569,2600
19569,2629
19569,2633
19569,2668
19569,2679
19569,2689
19569,5542
19569,5636
19569,41748
19569,42874
19603,1807
19603,1815
19603,1840
19603,1883
19603,1887
19603,1899
19603,1924
19603,1936
19603,1979
19603,1980
19603,1982
19603,1984
19603,1991
19603,2048
19603,2059
19603,2073
19603,2095
19603,2102
19603,2109
19603,2111
19603,2137
19603,2140
19603,2163
19603,2179
19603,2230
19603,2247
19603,2287
19603,2294
19603,2309
19603,2401
19603,2477
19603,2500
19603,2504
19603,2526
19603,2532
19603,2594
19603,2662
19603,2681
19603,2689
19603,2733
19603,5636
19603,41748
19603,42874
19509,1800
19509,1807
19509,1815
19509,1837
19509,1839
19509,1846
19509,1855
19509,1883
19509,1899
19509,1904
19509,1906
19509,1936
19509,1967
19509,1972
19509,1979
19509,1982
19509,1984
19509,2039
19509,2048
19509,2059
19509,2067
19509,2073
19509,2095
19509,2102
19509,2111
19509,2140
19509,2152
19509,2161
19509,2162
19509,2168
19509,2180
19509,2183
19509,2185
19509,2190
19509,2193
19509,2230
19509,2234
19509,2287
19509,2294
19509,2309
19509,2378
19509,2394
19509,2399
19509,2400
19509,2405
19509,2410
19509,2462
19509,2500
19509,2526
19509,2532
19509,2569
19509,2582
19509,2586
19509,2600
19509,2629
19509,2633
19509,2643
19509,2662
19509,2668
19509,2679
19509,2681
19509,2733
19509,5542
19509,5611
19509,5662
19509,41748
19509,42874
19558,1800
19558,1815
19558,1837
19558,1839
19558,1846
19558,1887
19558,1904
19558,1906
19558,1918
19558,1936
19558,1967
19558,1972
19558,1978
19558,1980
19558,1984
19558,1991
19558,2039
19558,2048
19558,2059
19558,2137
19558,2140
19558,2142
19558,2151
19558,2152
19558,2161
19558,2162
19558,2163
19558,2168
19558,2179
19558,2183
19558,2185
19558,2308
19558,2400
19558,2401
19558,2405
19558,2477
19558,2500
19558,2532
19558,2581
19558,2629
19558,2633
19558,2643
19558,2668
19558,2689
19558,2701
19558,2733
19558,5542
19558,5611
19558,5662
19558,41292
19558,41748
19558,42874
19599,1800
19599,1867
19599,1887
19599,1899
19599,1924
19599,1967
19599,1978
19599,1979
19599,1980
19599,1982
19599,1991
19599,2039
19599,2067
19599,2073
19599,2142
19599,2151
19599,2152
19599,2162
19599,2163
19599,2168
19599,2180
19599,2183
19599,2185
19599,2209
19599,2230
19599,2234
19599,2287
19599,2308
19599,2394
19599,2399
19599,2410
19599,2462
19599,2477
19599,2532
19599,2581
19599,2582
19599,2600
19599,2633
19599,2643
19599,2668
19599,2681
19599,2701
19599,2733
19599,5542
19599,5611
19599,5636
19599,5662
19599,42874
19538,1800
19538,1807
19538,1815
19538,1837
19538,1840
19538,1904
19538,1936
19538,1979
19538,1980
19538,1991
19538,2102
19538,2109
19538,2111
19538,2137
19538,2162
19538,2169
19538,2179
19538,2180
19538,2185
19538,2230
19538,2234
19538,2287
19538,2308
19538,2309
19538,2341
19538,2378
19538,2394
19538,2399
19538,2401
19538,2405
19538,2410
19538,2449
19538,2500
19538,2504
19538,2526
19538,2545
19538,2581
19538,2582
19538,2594
19538,2600
19538,2629
19538,2679
19538,2689
19538,5542
19538,5611
19538,41748
19570,1855
19570,1867
19570,1918
19570,1984
19570,2140
19570,2151
19570,2152
19570,2168
19570,2282
19570,2341
19570,2399
19570,2462
19570,2545
19570,2643
19570,2668
19570,2701
19570,2733
19570,5611
19570,5636
19570,41748
19467,1800
19467,1846
19467,1918
19467,2140
19467,2142
19467,2168
19467,2282
19467,2399
19467,2600
19467,2643
19467,2668
19467,2733
19560,1800
19560,1815
19560,1839
19560,1924
19560,1980
19560,1982
19560,2039
19560,2048
19560,2067
19560,2073
19560,2095
19560,2102
19560,2140
19560,2168
19560,2179
19560,2183
19560,2230
19560,2234
19560,2282
19560,2308
19560,2309
19560,2378
19560,2394
19560,2399
19560,2405
19560,2410
19560,2449
19560,2532
19560,2633
19560,2643
19560,2668
19560,2689
19560,4412
19560,5611
19560,42874
19474,1839
19474,1840
19474,1855
19474,1867
19474,1883
19474,1887
19474,1906
19474,1967
19474,1979
19474,1980
19474,1982
19474,1984
19474,2039
19474,2059
19474,2067
19474,2073
19474,2109
19474,2137
19474,2140
19474,2142
19474,2152
19474,2168
19474,2169
19474,2185
19474,2193
19474,2230
19474,2282
19474,2294
19474,2308
19474,2309
19474,2405
19474,2410
19474,2504
19474,2532
19474,2569
19474,2581
19474,2582
19474,2633
19474,2643
19474,2662
19474,2668
19474,2681
19474,2733
19474,4412
19474,5611
19474,5662
19474,42874
19604,1800
19604,1837
19604,1840
19604,1899
19604,1918
19604,1967
19604,1984
19604,2048
19604,2102
19604,2169
19604,2209
19604,2234
19604,2282
19604,2287
19604,2294
19604,2341
19604,2401
19604,2405
19604,2410
19604,2462
19604,2500
19604,2526
19604,2545
19604,2569
19604,2701
19604,2733
19604,42874
19521,1807
19521,1837
19521,1839
19521,1840
19521,1846
19521,1899
19521,1904
19521,1924
19521,1936
19521,1967
19521,1972
19521,1979
19521,1980
19521,1991
19521,2039
19521,2073
19521,2102
19521,2111
19521,2140
19521,2142
19521,2162
19521,2169
19521,2179
19521,2180
19521,2185
19521,2190
19521,2234
19521,2287
19521,2294
19521,2309
19521,2399
19521,2400
19521,2401
19521,2500
19521,2526
19521,2581
19521,2586
19521,2629
19521,2633
19521,2662
19521,2668
19521,2701
19521,4412
19521,41292
19521,41748
19521,42874
19521,2230
19460,1800
19460,1807
19460,1815
19460,1837
19460,1867
19460,1887
19460,1899
19460,1904
19460,1906
19460,1918
19460,1924
19460,1967
19460,1972
19460,1979
19460,2039
19460,2048
19460,2059
19460,2073
19460,2102
19460,2109
19460,2111
19460,2137
19460,2151
19460,2152
19460,2193
19460,2230
19460,2247
19460,2282
19460,2287
19460,2378
19460,2394
19460,2401
19460,2405
19460,2410
19460,2526
19460,2532
19460,2545
19460,2582
19460,2594
19460,2629
19460,2633
19460,2662
19460,2679
19460,2681
19460,2689
19460,2701
19460,2733
19460,4412
19460,5611
19460,41748
19571,1800
19571,1807
19571,1846
19571,1887
19571,1906
19571,1984
19571,1991
19571,2059
19571,2140
19571,2161
19571,2169
19571,2179
19571,2183
19571,2185
19571,2230
19571,2234
19571,2308
19571,2309
19571,2399
19571,2462
19571,2477
19571,2532
19571,2536
19571,2581
19571,2582
19571,2600
19571,2633
19571,2643
19571,4412
19571,5542
19571,5611
19571,5636
19571,5662
19571,41292
19571,42874
19492,1800
19492,1840
19492,1846
19492,1855
19492,1867
19492,1899
19492,1924
19492,1967
19492,1972
19492,1978
19492,1982
19492,1984
19492,2095
19492,2102
19492,2109
19492,2151
19492,2163
19492,2169
19492,2179
19492,2185
19492,2209
19492,2234
19492,2282
19492,2399
19492,2405
19492,2504
19492,2581
19492,2633
19492,2668
19492,2733
19492,5542
19492,5611
19492,5662
19535,1800
19535,1839
19535,1840
19535,1846
19535,1887
19535,1924
19535,1972
19535,1979
19535,1980
19535,1991
19535,2048
19535,2067
19535,2095
19535,2161
19535,2168
19535,2179
19535,2180
19535,2183
19535,2209
19535,2230
19535,2234
19535,2247
19535,2287
19535,2308
19535,2394
19535,2399
19535,2400
19535,2477
19535,2504
19535,2569
19535,2581
19535,2586
19535,2600
19535,2679
19535,2689
19535,2701
19535,5542
19535,5662
19461,1837
19461,1867
19461,2102
19461,2140
19461,2142
19461,2185
19461,2247
19461,2282
19461,2309
19461,2378
19461,2399
19461,2400
19461,2405
19461,2410
19461,2477
19461,2600
19478,2137
19478,2151
19478,2163
19478,2180
19478,2209
19478,2230
19478,2234
19478,2308
19478,2341
19478,2449
19478,2462
19478,2500
19478,2526
19478,2586
19478,2594
19478,2681
19478,2689
19478,5542
19478,5662
19478,41292
19478,1846
19478,1855
19478,1887
19478,1899
19478,1906
19478,1918
19478,1972
19478,1978
19478,1980
19478,2059
19478,2067
19478,2095
19478,2102
19483,1807
19483,1837
19483,1855
19483,1867
19483,1883
19483,1899
19483,1904
19483,1982
19483,1984
19483,1991
19483,2039
19483,2059
19483,2095
19483,2102
19483,2111
19483,2140
19483,2152
19483,2168
19483,2169
19483,2230
19483,2247
19483,2282
19483,2294
19483,2394
19483,2399
19483,2401
19483,2405
19483,2449
19483,2477
19483,2526
19483,2532
19483,2545
19483,2569
19483,2581
19483,2582
19483,2600
19483,2633
19483,2643
19483,2681
19483,41292
19505,1815
19505,1837
19505,1839
19505,1840
19505,1846
19505,1855
19505,1883
19505,1887
19505,1904
19505,1972
19505,1978
19505,2039
19505,2067
19505,2073
19505,2111
19505,2161
19505,2162
19505,2163
19505,2179
19505,2190
19505,2193
19505,2230
19505,2234
19505,2282
19505,2287
19505,2309
19505,2341
19505,2378
19505,2394
19505,2399
19505,2400
19505,2405
19505,2410
19505,2449
19505,2500
19505,2504
19505,2526
19505,2532
19505,2536
19505,2545
19505,2569
19505,2581
19505,2582
19505,2629
19505,2643
19505,2662
19505,2679
19505,2681
19505,2689
19505,4412
19505,5542
19505,5636
19505,5662
19505,41292
19505,41748
19598,1800
19598,1815
19598,1837
19598,1839
19598,1846
19598,1867
19598,1887
19598,1904
19598,1936
19598,1980
19598,2067
19598,2095
19598,2109
19598,2111
19598,2140
19598,2142
19598,2151
19598,2152
19598,2161
19598,2162
19598,2168
19598,2179
19598,2180
19598,2193
19598,2308
19598,2341
19598,2378
19598,2399
19598,2400
19598,2401
19598,2449
19598,2462
19598,2504
19598,2526
19598,2532
19598,2594
19598,2633
19598,2643
19598,2668
19598,4412
19598,5542
19598,5636
19598,5662
19598,41748
19464,1800
19464,1815
19464,1887
19464,1918
19464,1967
19464,1984
19464,1991
19464,2039
19464,2048
19464,2095
19464,2142
19464,2151
19464,2162
19464,2169
19464,2179
19464,2185
19464,2294
19464,2309
19464,2378
19464,2394
19464,2400
19464,2410
19464,2449
19464,2462
19464,2581
19464,2582
19464,2594
19464,2600
19464,2633
19464,41292
19464,2701
19480,1800
19480,1807
19480,1846
19480,1867
19480,1887
19480,1904
19480,1924
19480,1936
19480,1979
19480,2039
19480,2048
19480,2067
19480,2095
19480,2102
19480,2109
19480,2151
19480,2163
19480,2180
19480,2209
19480,2234
19480,2247
19480,2287
19480,2308
19480,2309
19480,2394
19480,2399
19480,2449
19480,2536
19480,2582
19480,2629
19480,2689
19480,42874
19479,1837
19479,1840
19479,1855
19479,1867
19479,1984
19479,2048
19479,2073
19479,2102
19479,2109
19479,2111
19479,2185
19479,2193
19479,2247
19479,2282
19479,2308
19479,2341
19479,2504
19479,2532
19479,2569
19479,2679
19479,2701
19479,41292
19510,1837
19510,1839
19510,1906
19510,1924
19510,1980
19510,1982
19510,1991
19510,2039
19510,2059
19510,2073
19510,2102
19510,2137
19510,2151
19510,2152
19510,2162
19510,2168
19510,2180
19510,2185
19510,2190
19510,2209
19510,2230
19510,2234
19510,2282
19510,2287
19510,2378
19510,2462
19510,2500
19510,2569
19510,2582
19510,2594
19510,2633
19510,2679
19510,2689
19510,2733
19510,5542
19510,5636
19510,5662
19510,41292
19510,41748
19510,42874
19524,1800
19524,1807
19524,1837
19524,1839
19524,1846
19524,1855
19524,1867
19524,1883
19524,1887
19524,1906
19524,1924
19524,1967
19524,1984
19524,2039
19524,2059
19524,2067
19524,2095
19524,2102
19524,2137
19524,2140
19524,2151
19524,2152
19524,2163
19524,2169
19524,2247
19524,2282
19524,2287
19524,2309
19524,2341
19524,2378
19524,2394
19524,2400
19524,2405
19524,2462
19524,2477
19524,2500
19524,2526
19524,2536
19524,2545
19524,2594
19524,2643
19524,2662
19524,2668
19524,2679
19524,2689
19524,2733
19524,5611
19524,41292
19463,1807
19463,1883
19463,1887
19463,1918
19463,1924
19463,1967
19463,1978
19463,1991
19463,2067
19463,2095
19463,2109
19463,2111
19463,2142
19463,2152
19463,2168
19463,2169
19463,2180
19463,2183
19463,2193
19463,2209
19463,2230
19463,2234
19463,2247
19463,2287
19463,2294
19463,2341
19463,2378
19463,2394
19463,2399
19463,2401
19463,2449
19463,2462
19463,2477
19463,2500
19463,2504
19463,2532
19463,2536
19463,2545
19463,2594
19463,2600
19463,2629
19463,2633
19463,2643
19463,2679
19463,2689
19463,2733
19463,5542
19463,5611
19463,41748
19463,42874
19602,1800
19602,1840
19602,1904
19602,1906
19602,1924
19602,1967
19602,2039
19602,2067
19602,2073
19602,2140
19602,2168
19602,2179
19602,2180
19602,2183
19602,2190
19602,2282
19602,2308
19602,2341
19602,2400
19602,2410
19602,2449
19602,2532
19602,2586
19602,2600
19602,2668
19602,2681
19602,2701
19602,2733
19602,4412
19602,5542
19602,5662
19602,41292
19602,2142
19596,1800
19596,1807
19596,1839
19596,1840
19596,1867
19596,1924
19596,1972
19596,1978
19596,1980
19596,1982
19596,1984
19596,1991
19596,2039
19596,2048
19596,2059
19596,2067
19596,2109
19596,2111
19596,2140
19596,2151
19596,2162
19596,2163
19596,2190
19596,2209
19596,2234
19596,2247
19596,2294
19596,2309
19596,2400
19596,2405
19596,2449
19596,2500
19596,2504
19596,2526
19596,2586
19596,2594
19596,2600
19596,2633
19596,2643
19596,2662
19596,2679
19596,2733
19596,5611
19596,5636
19596,5662
19596,41748
19596,42874
19577,1807
19577,1837
19577,1846
19577,1855
19577,1867
19577,1883
19577,1887
19577,1904
19577,1906
19577,1924
19577,1972
19577,1979
19577,1980
19577,1982
19577,1984
19577,1991
19577,2039
19577,2059
19577,2067
19577,2095
19577,2102
19577,2109
19577,2111
19577,2140
19577,2142
19577,2152
19577,2162
19577,2163
19577,2168
19577,2169
19577,2179
19577,2183
19577,2185
19577,2193
19577,2230
19577,2247
19577,2282
19577,2294
19577,2308
19577,2341
19577,2394
19577,2400
19577,2401
19577,2405
19577,2449
19577,2462
19577,2477
19577,2500
19577,2526
19577,2532
19577,2536
19577,2545
19577,2581
19577,2582
19577,2600
19577,2629
19577,2679
19577,2689
19577,2701
19577,2733
19577,4412
19577,5611
19577,5662
19577,41748
19577,42874
19586,1800
19586,1807
19586,1815
19586,1840
19586,1887
19586,1899
19586,1904
19586,1906
19586,1918
19586,1924
19586,1978
19586,1980
19586,1982
19586,1991
19586,2039
19586,2048
19586,2059
19586,2067
19586,2102
19586,2111
19586,2142
19586,2151
19586,2152
19586,2162
19586,2163
19586,2169
19586,2179
19586,2230
19586,2282
19586,2287
19586,2378
19586,2394
19586,2399
19586,2400
19586,2405
19586,2449
19586,2477
19586,2500
19586,2504
19586,2536
19586,2545
19586,2569
19586,2581
19586,2582
19586,2600
19586,2668
19586,2681
19586,2733
19586,4412
19586,5611
19586,5636
19586,5662
19586,42874
19531,1991
19531,2095
19531,2102
19531,2142
19531,2230
19531,2526
19531,2536
19531,2643
19531,2681
19531,2039
19529,1800
19529,1815
19529,1837
19529,1839
19529,1883
19529,1899
19529,1906
19529,1918
19529,1924
19529,1936
19529,1967
19529,1984
19529,2039
19529,2059
19529,2067
19529,2073
19529,2095
19529,2102
19529,2109
19529,2111
19529,2137
19529,2140
19529,2152
19529,2168
19529,2179
19529,2183
19529,2185
19529,2234
19529,2247
19529,2309
19529,2394
19529,2401
19529,2405
19529,2449
19529,2477
19529,2504
19529,2526
19529,2536
19529,2545
19529,2569
19529,2586
19529,2633
19529,2643
19529,2662
19529,2733
19529,4412
19529,5636
19529,41748
19529,42874
19562,1815
19562,1840
19562,1846
19562,1883
19562,1887
19562,1904
19562,1906
19562,1978
19562,1979
19562,2039
19562,2137
19562,2151
19562,2169
19562,2180
19562,2190
19562,2234
19562,2294
19562,2341
19562,2399
19562,2400
19562,2410
19562,2449
19562,2462
19562,2532
19562,2569
19562,2582
19562,2586
19562,2629
19562,2662
19562,2668
19562,2679
19562,2689
19562,2733
19562,5542
19562,5636
19562,5662
19562,41292
19562,41748
19471,1837
19471,1839
19471,1840
19471,1883
19471,1899
19471,1924
19471,1936
19471,1972
19471,1982
19471,1991
19471,2067
19471,2102
19471,2109
19471,2111
19471,2163
19471,2168
19471,2179
19471,2180
19471,2185
19471,2193
19471,2234
19471,2247
19471,2282
19471,2294
19471,2308
19471,2309
19471,2341
19471,2399
19471,2401
19471,2405
19471,2410
19471,2500
19471,2504
19471,2536
19471,2582
19471,2633
19471,2689
19471,2733
19471,5636
19471,5662
19471,41748
19471,42874
19537,1800
19537,1837
19537,1840
19537,1883
19537,1899
19537,1918
19537,1980
19537,2039
19537,2067
19537,2073
19537,2095
19537,2102
19537,2109
19537,2137
19537,2152
19537,2168
19537,2179
19537,2185
19537,2190
19537,2193
19537,2234
19537,2294
19537,2308
19537,2400
19537,2405
19537,2410
19537,2477
19537,2536
19537,2569
19537,2594
19537,2629
19537,2662
19537,2701
19537,5662
19537,41292
19537,41748
19527,1837
19527,1839
19527,2039
19527,2095
19527,2111
19527,2163
19527,2183
19527,2234
19527,2341
19527,2500
19527,2668
19527,2681
19527,2733
19527,4412
19527,5542
19600,1800
19600,1807
19600,1815
19600,1837
19600,1839
19600,1846
19600,1867
19600,1883
19600,1899
19600,1904
19600,1918
19600,1924
19600,1967
19600,1972
19600,1978
19600,1980
19600,1982
19600,1984
19600,1991
19600,2067
19600,2073
19600,2102
19600,2111
19600,2137
19600,2140
19600,2168
19600,2180
19600,2183
19600,2185
19600,2190
19600,2193
19600,2230
19600,2234
19600,2247
19600,2282
19600,2294
19600,2341
19600,2378
19600,2394
19600,2401
19600,2477
19600,2500
19600,2504
19600,2536
19600,2545
19600,2569
19600,2586
19600,2633
19600,2643
19600,2689
19600,2733
19600,4412
19600,5542
19600,5662
19600,42874
19600,2668
19597,1800
19597,1815
19597,1837
19597,1846
19597,1867
19597,1887
19597,1904
19597,1906
19597,1918
19597,2039
19597,2048
19597,2067
19597,2095
19597,2151
19597,2161
19597,2179
19597,2193
19597,2209
19597,2230
19597,2234
19597,2247
19597,2287
19597,2308
19597,2309
19597,2394
19597,2399
19597,2400
19597,2405
19597,2410
19597,2462
19597,2526
19597,2536
19597,2581
19597,2594
19597,2600
19597,2662
19597,2668
19597,2701
19597,5611
19597,41748
19587,1807
19587,1815
19587,1855
19587,1883
19587,1899
19587,1906
19587,1924
19587,1979
19587,1980
19587,2059
19587,2067
19587,2111
19587,2137
19587,2161
19587,2162
19587,2179
19587,2180
19587,2230
19587,2234
19587,2247
19587,2287
19587,2341
19587,2378
19587,2394
19587,2462
19587,2504
19587,2536
19587,2545
19587,2594
19587,2600
19587,2629
19587,2681
19587,5542
19587,5611
19587,41748
19512,1815
19512,1837
19512,1846
19512,1855
19512,1867
19512,1883
19512,1899
19512,1906
19512,1967
19512,1972
19512,1980
19512,1984
19512,2039
19512,2067
19512,2073
19512,2102
19512,2140
19512,2142
19512,2151
19512,2162
19512,2169
19512,2183
19512,2190
19512,2282
19512,2287
19512,2378
19512,2394
19512,2399
19512,2410
19512,2462
19512,2526
19512,2536
19512,2569
19512,2582
19512,2594
19512,2600
19512,2643
19512,2668
19512,2689
19512,2733
19512,4412
19512,5611
19512,5636
19512,42874
19566,1815
19566,1846
19566,1855
19566,1883
19566,1887
19566,1899
19566,1904
19566,1906
19566,1918
19566,1936
19566,1972
19566,1979
19566,1980
19566,1984
19566,2048
19566,2059
19566,2095
19566,2109
19566,2111
19566,2137
19566,2142
19566,2152
19566,2161
19566,2162
19566,2168
19566,2179
19566,2185
19566,2190
19566,2193
19566,2209
19566,2234
19566,2282
19566,2308
19566,2309
19566,2399
19566,2400
19566,2500
19566,2526
19566,2536
19566,2569
19566,2581
19566,2586
19566,2594
19566,2629
19566,2633
19566,2679
19566,2681
19566,2733
19566,4412
19566,5611
19566,5636
19589,1800
19589,1979
19589,2067
19589,2109
19589,2137
19589,2163
19589,2247
19589,2569
19589,5611
19561,1800
19561,1815
19561,1837
19561,1839
19561,1855
19561,1867
19561,1899
19561,1904
19561,1918
19561,1924
19561,1936
19561,1972
19561,1978
19561,1980
19561,2048
19561,2059
19561,2073
19561,2095
19561,2102
19561,2109
19561,2111
19561,2137
19561,2142
19561,2152
19561,2183
19561,2185
19561,2190
19561,2247
19561,2282
19561,2287
19561,2294
19561,2309
19561,2341
19561,2378
19561,2399
19561,2400
19561,2401
19561,2449
19561,2545
19561,2662
19561,2681
19561,2689
19561,4412
19561,5542
19561,5662
19561,41292
19561,41748
19547,1936
19547,1839
19547,1846
19547,1883
19547,2039
19547,2067
19547,2095
19547,2111
19547,2294
19547,2309
19547,2378
19547,2400
19547,2401
19547,2405
19547,2410
19547,2462
19547,2532
19547,2586
19547,2701
19547,2733
19495,1800
19495,1815
19495,1837
19495,1839
19495,1840
19495,1846
19495,1855
19495,1867
19495,1883
19495,1899
19495,1904
19495,1936
19495,1972
19495,1978
19495,1979
19495,1982
19495,1984
19495,2039
19495,2059
19495,2073
19495,2095
19495,2109
19495,2151
19495,2152
19495,2162
19495,2163
19495,2168
19495,2169
19495,2180
19495,2183
19495,2190
19495,2193
19495,2209
19495,2234
19495,2287
19495,2378
19495,2394
19495,2399
19495,2462
19495,2477
19495,2500
19495,2526
19495,2536
19495,2586
19495,2643
19495,2662
19495,2668
19495,2679
19495,2681
19495,2689
19495,2733
19495,4412
19495,5542
19495,5611
19495,5636
19495,5662
19495,42874
19497,1815
19497,1840
19497,1855
19497,1883
19497,1887
19497,1904
19497,1924
19497,1978
19497,1979
19497,2048
19497,2067
19497,2073
19497,2140
19497,2151
19497,2162
19497,2168
19497,2169
19497,2179
19497,2180
19497,2190
19497,2234
19497,2247
19497,2287
19497,2309
19497,2378
19497,2394
19497,2400
19497,2526
19497,2532
19497,2536
19497,2569
19497,2581
19497,2582
19497,2600
19497,2629
19497,2681
19497,2689
19497,5611
19497,42874
19605,1807
19605,1839
19605,1840
19605,1883
19605,1899
19605,1906
19605,1918
19605,1967
19605,1972
19605,1980
19605,1982
19605,1984
19605,1991
19605,2039
19605,2102
19605,2109
19605,2137
19605,2179
19605,2180
19605,2183
19605,2287
19605,2294
19605,2378
19605,2401
19605,2405
19605,2500
19605,2526
19605,2536
19605,2569
19605,2581
19605,2582
19605,2586
19605,2594
19605,2643
19605,2662
19605,5611
19605,5636
19605,41748
19605,42874
19555,1800
19555,1807
19555,1840
19555,1855
19555,1887
19555,1904
19555,1906
19555,1918
19555,1967
19555,1979
19555,1991
19555,2039
19555,2067
19555,2095
19555,2102
19555,2140
19555,2152
19555,2163
19555,2179
19555,2190
19555,2193
19555,2234
19555,2247
19555,2282
19555,2287
19555,2532
19555,2536
19555,2545
19555,2582
19555,2594
19555,2633
19555,2643
19555,2668
19555,2689
19555,2733
19555,5662
19555,41748
19493,1837
19493,1839
19493,1887
19493,1899
19493,1936
19493,2095
19493,2111
19493,2162
19493,2179
19493,2183
19493,2193
19493,2234
19493,2282
19493,2341
19493,2394
19493,2400
19493,2401
19493,2410
19493,2449
19493,2462
19493,2504
19493,2526
19493,2545
19493,2569
19493,2600
19493,2633
19493,2668
19493,2681
19493,4412
19493,5542
19493,5611
19493,1807
19489,1800
19489,1807
19489,1815
19489,1837
19489,1839
19489,1840
19489,1846
19489,1883
19489,1906
19489,1936
19489,1967
19489,1980
19489,1982
19489,1984
19489,1991
19489,2039
19489,2048
19489,2073
19489,2111
19489,2140
19489,2151
19489,2152
19489,2161
19489,2162
19489,2169
19489,2183
19489,2209
19489,2230
19489,2234
19489,2247
19489,2282
19489,2287
19489,2294
19489,2309
19489,2378
19489,2394
19489,2399
19489,2401
19489,2449
19489,2462
19489,2477
19489,2500
19489,2526
19489,2536
19489,2581
19489,2582
19489,2633
19489,2662
19489,2668
19489,2701
19489,4412
19489,5542
19489,5611
19489,5636
19489,5662
19489,41292
19489,42874
19473,1800
19473,1846
19473,1883
19473,1906
19473,1918
19473,1972
19473,1978
19473,1979
19473,2039
19473,2059
19473,2067
19473,2073
19473,2102
19473,2111
19473,2137
19473,2140
19473,2151
19473,2163
19473,2183
19473,2185
19473,2247
19473,2287
19473,2378
19473,2504
19473,2662
19473,2668
19473,2681
19473,41292
19578,1800
19578,1807
19578,1815
19578,1837
19578,1846
19578,1855
19578,1867
19578,1883
19578,1899
19578,1904
19578,1918
19578,1924
19578,1936
19578,1967
19578,1972
19578,1978
19578,1980
19578,1984
19578,1991
19578,2039
19578,2137
19578,2140
19578,2142
19578,2162
19578,2168
19578,2169
19578,2179
19578,2180
19578,2190
19578,2193
19578,2247
19578,2309
19578,2341
19578,2394
19578,2401
19578,2405
19578,2410
19578,2462
19578,2477
19578,2500
19578,2526
19578,2536
19578,2545
19578,2569
19578,2581
19578,2582
19578,2594
19578,2600
19578,2629
19578,2633
19578,2643
19578,2668
19578,2689
19578,2701
19578,2733
19578,4412
19578,5542
19578,5611
19578,5636
19578,41748
19578,42874
19564,1800
19564,1839
19564,1840
19564,1846
19564,1855
19564,1867
19564,1883
19564,1887
19564,1904
19564,1906
19564,1936
19564,1978
19564,1979
19564,1980
19564,2059
19564,2067
19564,2073
19564,2095
19564,2102
19564,2140
19564,2142
19564,2151
19564,2152
19564,2161
19564,2179
19564,2180
19564,2183
19564,2185
19564,2190
19564,2230
19564,2234
19564,2287
19564,2309
19564,2341
19564,2378
19564,2399
19564,2400
19564,2401
19564,2410
19564,2462
19564,2477
19564,2500
19564,2526
19564,2532
19564,2581
19564,2582
19564,2586
19564,2594
19564,2600
19564,2629
19564,2633
19564,2662
19564,2679
19564,2681
19564,4412
19564,5542
19564,5636
19564,5662
19564,41748
19564,1972
19543,1807
19543,1837
19543,1840
19543,1855
19543,1867
19543,1899
19543,1918
19543,1984
19543,2102
19543,2109
19543,2152
19543,2161
19543,2163
19543,2169
19543,2180
19543,2247
19543,2282
19543,2309
19543,2341
19543,2378
19543,2532
19543,2586
19543,2600
19543,2643
19543,2689
19543,41748
19515,1840
19515,1846
19515,1867
19515,1883
19515,1918
19515,1979
19515,1980
19515,1991
19515,2048
19515,2067
19515,2073
19515,2109
19515,2142
19515,2151
19515,2161
19515,2179
19515,2183
19515,2185
19515,2209
19515,2230
19515,2234
19515,2282
19515,2378
19515,2449
19515,2477
19515,2500
19515,2526
19515,2536
19515,2581
19515,2582
19515,2586
19515,2629
19515,2681
19515,2689
19515,5636
19515,41292
19515,42874
19544,1840
19544,1867
19544,1883
19544,1887
19544,1899
19544,1936
19544,1967
19544,1978
19544,1984
19544,2048
19544,2067
19544,2073
19544,2102
19544,2140
19544,2142
19544,2151
19544,2152
19544,2162
19544,2169
19544,2183
19544,2185
19544,2190
19544,2193
19544,2308
19544,2378
19544,2399
19544,2400
19544,2405
19544,2449
19544,2500
19544,2526
19544,2536
19544,2581
19544,2582
19544,2629
19544,2633
19544,2643
19544,2662
19544,2701
19544,4412
19544,5542
19544,5662
19544,42874
19522,1855
19522,1883
19522,1982
19522,1991
19522,2048
19522,2163
19522,2185
19522,2190
19522,2193
19522,2287
19522,2401
19522,2526
19522,2532
19522,2581
19522,2586
19522,2668
19522,2701
19592,1815
19592,1837
19592,1846
19592,1904
19592,1936
19592,1972
19592,1991
19592,2059
19592,2095
19592,2102
19592,2109
19592,2111
19592,2137
19592,2142
19592,2151
19592,2152
19592,2169
19592,2185
19592,2190
19592,2209
19592,2230
19592,2234
19592,2341
19592,2378
19592,2399
19592,2400
19592,2401
19592,2405
19592,2410
19592,2462
19592,2477
19592,2500
19592,2504
19592,2581
19592,2629
19592,2633
19592,2643
19592,2681
19592,2701
19592,2733
19592,5542
19592,5636
19592,41748
19592,42874
19470,1883
19470,1899
19470,1906
19470,1978
19470,1979
19470,1984
19470,2048
19470,2059
19470,2067
19470,2102
19470,2111
19470,2151
19470,2152
19470,2161
19470,2163
19470,2168
19470,2209
19470,2234
19470,2282
19470,2287
19470,2309
19470,2394
19470,2462
19470,2477
19470,2504
19470,2681
19470,2733
19470,4412
19470,5542
19470,41292
19593,1800
19593,1839
19593,1840
19593,1883
19593,1887
19593,1924
19593,1972
19593,1978
19593,1980
19593,1982
19593,2039
19593,2059
19593,2073
19593,2095
19593,2109
19593,2111
19593,2142
19593,2161
19593,2162
19593,2169
19593,2185
19593,2190
19593,2230
19593,2234
19593,2247
19593,2282
19593,2287
19593,2294
19593,2308
19593,2309
19593,2399
19593,2400
19593,2401
19593,2405
19593,2449
19593,2462
19593,2477
19593,2500
19593,2532
19593,2536
19593,2545
19593,2581
19593,2600
19593,2643
19593,2668
19593,2679
19593,2681
19593,2689
19593,2701
19593,2733
19593,5611
19593,5662
19593,42874
19523,1800
19523,1807
19523,1815
19523,1839
19523,1855
19523,1924
19523,1972
19523,1980
19523,1982
19523,1991
19523,2039
19523,2048
19523,2059
19523,2067
19523,2109
19523,2137
19523,2140
19523,2151
19523,2152
19523,2169
19523,2179
19523,2190
19523,2247
19523,2282
19523,2341
19523,2401
19523,2462
19523,2477
19523,2504
19523,2532
19523,2536
19523,2582
19523,2586
19523,2662
19523,2679
19523,2681
19523,2689
19523,2701
19523,2733
19523,5636
19523,5662
19523,41292
19468,1815
19468,1839
19468,1855
19468,1867
19468,1883
19468,1899
19468,1904
19468,1936
19468,1972
19468,1982
19468,1984
19468,1991
19468,2039
19468,2048
19468,2067
19468,2102
19468,2109
19468,2111
19468,2137
19468,2142
19468,2151
19468,2152
19468,2161
19468,2162
19468,2168
19468,2169
19468,2179
19468,2180
19468,2183
19468,2185
19468,2234
19468,2247
19468,2282
19468,2287
19468,2308
19468,2309
19468,2341
19468,2394
19468,2399
19468,2526
19468,2532
19468,2536
19468,2582
19468,2586
19468,2600
19468,2633
19468,2643
19468,2681
19468,2733
19468,4412
19468,5542
19468,41292
19468,42874
19504,1800
19504,1807
19504,1815
19504,1840
19504,1855
19504,1883
19504,1906
19504,1936
19504,1982
19504,1991
19504,2059
19504,2067
19504,2095
19504,2102
19504,2109
19504,2111
19504,2137
19504,2140
19504,2151
19504,2152
19504,2161
19504,2163
19504,2168
19504,2169
19504,2179
19504,2183
19504,2193
19504,2209
19504,2234
19504,2309
19504,2378
19504,2394
19504,2410
19504,2462
19504,2477
19504,2504
19504,2536
19504,2545
19504,2581
19504,2600
19504,2629
19504,2633
19504,2643
19504,2679
19504,2681
19504,2701
19504,5542
19504,5636
19504,5662
19504,41748
19504,42874
19504,2039
19565,1800
19565,1837
19565,1924
19565,1972
19565,1978
19565,1982
19565,2095
19565,2102
19565,2111
19565,2169
19565,2193
19565,2230
19565,2247
19565,2282
19565,2308
19565,2401
19565,2405
19565,2504
19565,2545
19565,2600
19565,2681
19565,2689
19565,2701
19565,5542
19565,41292
19565,42874
19490,2152
19490,1837
19490,1840
19490,1855
19490,1906
19490,1918
19490,1924
19490,1991
19490,2039
19490,2073
19490,2151
19490,2161
19490,2180
19490,2185
19490,2209
19490,2234
19490,2282
19490,2287
19490,2378
19490,2399
19490,2400
19490,2410
19490,2477
19490,2500
19490,2532
19490,2536
19490,2586
19490,2679
19490,5542
19490,5611
19490,5662
19481,1807
19481,1815
19481,1840
19481,1883
19481,1906
19481,1918
19481,1924
19481,1936
19481,1967
19481,1978
19481,1982
19481,1984
19481,2059
19481,2067
19481,2095
19481,2142
19481,2151
19481,2161
19481,2163
19481,2169
19481,2282
19481,2287
19481,2378
19481,2410
19481,2449
19481,2504
19481,2532
19481,2569
19481,2581
19481,2582
19481,2643
19481,2662
19481,2689
19481,5542
19481,5662
19576,1815
19576,1837
19576,1846
19576,1883
19576,1899
19576,1906
19576,1918
19576,1924
19576,1967
19576,1978
19576,1984
19576,2039
19576,2048
19576,2095
19576,2109
19576,2140
19576,2142
19576,2151
19576,2152
19576,2162
19576,2168
19576,2169
19576,2179
19576,2183
19576,2193
19576,2209
19576,2287
19576,2309
19576,2394
19576,2399
19576,2400
19576,2405
19576,2410
19576,2449
19576,2462
19576,2500
19576,2526
19576,2586
19576,2594
19576,2662
19576,2668
19576,2679
19576,2681
19576,2701
19576,2733
19576,4412
19576,5542
19576,41292
19579,1899
19579,2545
19579,2689
19579,4412
19579,42874
19572,1807
19572,1815
19572,1837
19572,1839
19572,1840
19572,1855
19572,1887
19572,1899
19572,1904
19572,1918
19572,1984
19572,2048
19572,2067
19572,2073
19572,2095
19572,2102
19572,2109
19572,2152
19572,2161
19572,2162
19572,2163
19572,2168
19572,2169
19572,2180
19572,2183
19572,2185
19572,2193
19572,2209
19572,2282
19572,2294
19572,2341
19572,2399
19572,2401
19572,2410
19572,2500
19572,2526
19572,2532
19572,2536
19572,2545
19572,2569
19572,2582
19572,2586
19572,2600
19572,2643
19572,2662
19572,2679
19572,2681
19572,2689
19572,2701
19572,5542
19572,5611
19572,5636
19572,41748
19572,2405
19459,1899
19459,2039
19459,2067
19459,2109
19459,2179
19459,4412
19608,1800
19608,1815
19608,1837
19608,1839
19608,1846
19608,1867
19608,1883
19608,1887
19608,1899
19608,1904
19608,1924
19608,1936
19608,1967
19608,1978
19608,1980
19608,1982
19608,1991
19608,2039
19608,2059
19608,2073
19608,2095
19608,2102
19608,2137
19608,2142
19608,2152
19608,2161
19608,2162
19608,2163
19608,2168
19608,2179
19608,2180
19608,2183
19608,2190
19608,2193
19608,2230
19608,2247
19608,2282
19608,2287
19608,2294
19608,2309
19608,2378
19608,2394
19608,2399
19608,2400
19608,2401
19608,2410
19608,2504
19608,2526
19608,2569
19608,2581
19608,2582
19608,2586
19608,2600
19608,2643
19608,2679
19608,2689
19608,2733
19608,4412
19608,5636
19608,41292
19608,42874
19494,1807
19494,1846
19494,1906
19494,1979
19494,1980
19494,2048
19494,2095
19494,2102
19494,2111
19494,2234
19494,2247
19494,2449
19494,2532
19494,5542
19494,5611
19494,5636
19494,5662
19494,41292
19514,1807
19514,1837
19514,1840
19514,1855
19514,1883
19514,1887
19514,1936
19514,1980
19514,1982
19514,1984
19514,1991
19514,2073
19514,2109
19514,2111
19514,2151
19514,2180
19514,2183
19514,2185
19514,2234
19514,2282
19514,2287
19514,2378
19514,2462
19514,2532
19514,2581
19514,2582
19514,2594
19514,2600
19514,2662
19514,2681
19514,5542
19514,5662
19514,41292
19556,1807
19556,1883
19556,1904
19556,1924
19556,1972
19556,1979
19556,1980
19556,1991
19556,2073
19556,2095
19556,2102
19556,2140
19556,2152
19556,2179
19556,2183
19556,2230
19556,2247
19556,2294
19556,2308
19556,2378
19556,2394
19556,2526
19556,2536
19556,2545
19556,2586
19556,2600
19556,2633
19556,2643
19556,2679
19556,2689
19556,5542
19556,5636
19556,41292
19556,41748
19556,42874
19583,1904
19583,1967
19583,1978
19583,1982
19583,2039
19583,2142
19583,2161
19583,2183
19583,2190
19583,2230
19583,2399
19583,2405
19583,2569
19583,2594
19583,2643
19583,5636
19583,2689
19601,1807
19601,1839
19601,1867
19601,1936
19601,1980
19601,2059
19601,2067
19601,2102
19601,2142
19601,2152
19601,2162
19601,2180
19601,2190
19601,2234
19601,2308
19601,2394
19601,2405
19601,2681
19601,5636
19465,1800
19465,1807
19465,1837
19465,1839
19465,1840
19465,1867
19465,1883
19465,1904
19465,1918
19465,1924
19465,1936
19465,1978
19465,1979
19465,1991
19465,2039
19465,2048
19465,2059
19465,2067
19465,2073
19465,2095
19465,2102
19465,2137
19465,2161
19465,2163
19465,2168
19465,2169
19465,2179
19465,2183
19465,2185
19465,2193
19465,2209
19465,2230
19465,2247
19465,2282
19465,2287
19465,2294
19465,2309
19465,2378
19465,2394
19465,2399
19465,2401
19465,2405
19465,2500
19465,2504
19465,2526
19465,2532
19465,2545
19465,2581
19465,2586
19465,2594
19465,2600
19465,2629
19465,2662
19465,2668
19465,2689
19465,4412
19465,5542
19465,5636
19530,1839
19530,1867
19530,1883
19530,1904
19530,1906
19530,1967
19530,2048
19530,2059
19530,2163
19530,2180
19530,2341
19530,2477
19530,2504
19530,2545
19530,2600
19530,2689
19530,41748
19507,1984
19507,2048
19507,2067
19507,2140
19507,2152
19507,2193
19507,2378
19507,2399
19507,2400
19507,2401
19507,2504
19507,2586
19507,2643
19507,2679
19588,1800
19588,1837
19588,1840
19588,1867
19588,1906
19588,1924
19588,1972
19588,1991
19588,2059
19588,2095
19588,2142
19588,2151
19588,2161
19588,2193
19588,2209
19588,2230
19588,2234
19588,2282
19588,2287
19588,2378
19588,2394
19588,2401
19588,2405
19588,2449
19588,2477
19588,2526
19588,2569
19588,2600
19588,2629
19588,2643
19588,2679
19588,5542
19588,5611
19550,1837
19550,1887
19550,1906
19550,1936
19550,1978
19550,1979
19550,1984
19550,2048
19550,2067
19550,2111
19550,2137
19550,2161
19550,2162
19550,2179
19550,2180
19550,2183
19550,2193
19550,2234
19550,2247
19550,2282
19550,2294
19550,2378
19550,2399
19550,2400
19550,2449
19550,2477
19550,2504
19550,2526
19550,2545
19550,2569
19550,2581
19550,2582
19550,2600
19550,2633
19550,2643
19550,2668
19550,2679
19550,2681
19550,2733
19550,4412
19550,5542
19550,5636
19550,41292
19550,42874
19541,1800
19541,1815
19541,1867
19541,1883
19541,1887
19541,1899
19541,1904
19541,1924
19541,1982
19541,1984
19541,1991
19541,2039
19541,2095
19541,2102
19541,2111
19541,2151
19541,2162
19541,2163
19541,2183
19541,2190
19541,2193
19541,2247
19541,2287
19541,2294
19541,2309
19541,2341
19541,2399
19541,2400
19541,2401
19541,2462
19541,2477
19541,2500
19541,2526
19541,2569
19541,2581
19541,2582
19541,2594
19541,2600
19541,2629
19541,2643
19541,2662
19541,2668
19541,2679
19541,2701
19541,5542
19541,5611
19541,5636
19541,41292
19541,2234
19491,1887
19491,1904
19491,1906
19491,1967
19491,1982
19491,2142
19491,2169
19491,2287
19491,2378
19491,2401
19491,2526
19491,2545
19491,2629
19532,1807
19532,1839
19532,1846
19532,1982
19532,2039
19532,2410
19532,2500
19532,2504
19532,2536
19532,2545
19532,2629
19532,2643
19532,41748
19519,1807
19519,1867
19519,1883
19519,1904
19519,2067
19519,2073
19519,2095
19519,2109
19519,2140
19519,2163
19519,2169
19519,2179
19519,2180
19519,2230
19519,2234
19519,2294
19519,2341
19519,2401
19519,2405
19519,2477
19519,2504
19519,2532
19519,2536
19519,2545
19519,2569
19519,2582
19519,2629
19519,2633
19519,2662
19519,2681
19519,2701
19519,2733
19519,5662
19519,41292
19519,42874
19503,1815
19503,1837
19503,1840
19503,1867
19503,1883
19503,1887
19503,1967
19503,1972
19503,2102
19503,2109
19503,2111
19503,2137
19503,2140
19503,2142
19503,2161
19503,2163
19503,2179
19503,2309
19503,2341
19503,2378
19503,2600
19503,2668
19503,2733
19503,5542
19503,5611
19503,5662
19503,41292
19503,42874
19466,1807
19466,1815
19466,1839
19466,1867
19466,1899
19466,1936
19466,1978
19466,1979
19466,1980
19466,1991
19466,2039
19466,2059
19466,2095
19466,2102
19466,2137
19466,2142
19466,2151
19466,2152
19466,2163
19466,2179
19466,2183
19466,2185
19466,2193
19466,2209
19466,2234
19466,2282
19466,2309
19466,2341
19466,2378
19466,2394
19466,2399
19466,2400
19466,2449
19466,2477
19466,2500
19466,2504
19466,2526
19466,2569
19466,2586
19466,2633
19466,2662
19466,5636
19466,41292
19574,1807
19574,1815
19574,1839
19574,1840
19574,1867
19574,1887
19574,1904
19574,1906
19574,1918
19574,1967
19574,1972
19574,1978
19574,1979
19574,1980
19574,1991
19574,2039
19574,2048
19574,2073
19574,2095
19574,2109
19574,2111
19574,2137
19574,2140
19574,2151
19574,2152
19574,2161
19574,2163
19574,2169
19574,2183
19574,2230
19574,2234
19574,2294
19574,2308
19574,2378
19574,2394
19574,2400
19574,2449
19574,2500
19574,2504
19574,2526
19574,2532
19574,2581
19574,2586
19574,2594
19574,2600
19574,2633
19574,2643
19574,2679
19574,2701
19574,2733
19574,4412
19574,5542
19574,5611
19574,41292
19574,41748
19575,1837
19575,1840
19575,1883
19575,1887
19575,1899
19575,1904
19575,1924
19575,1972
19575,1979
19575,1991
19575,2048
19575,2059
19575,2095
19575,2109
19575,2111
19575,2161
19575,2169
19575,2180
19575,2185
19575,2190
19575,2193
19575,2209
19575,2234
19575,2247
19575,2287
19575,2378
19575,2394
19575,2399
19575,2405
19575,2410
19575,2449
19575,2462
19575,2504
19575,2526
19575,2536
19575,2545
19575,2582
19575,2633
19575,4412
19575,5611
19575,5636
19575,5662
19575,41748
19575,42874
19575,2179
19526,1846
19526,1867
19526,1883
19526,1887
19526,1899
19526,1904
19526,1906
19526,1924
19526,1978
19526,1979
19526,2067
19526,2073
19526,2102
19526,2111
19526,2137
19526,2140
19526,2163
19526,2179
19526,2180
19526,2185
19526,2209
19526,2230
19526,2282
19526,2287
19526,2294
19526,2341
19526,2378
19526,2399
19526,2400
19526,2410
19526,2504
19526,2532
19526,2582
19526,2600
19526,2643
19526,2668
19526,2679
19526,4412
19526,5611
19526,41292
19533,1800
19533,1815
19533,1837
19533,1839
19533,1840
19533,1846
19533,1867
19533,1883
19533,1899
19533,1904
19533,1906
19533,1936
19533,1967
19533,1979
19533,1980
19533,1984
19533,1991
19533,2039
19533,2059
19533,2067
19533,2073
19533,2109
19533,2111
19533,2137
19533,2140
19533,2142
19533,2151
19533,2161
19533,2163
19533,2168
19533,2169
19533,2180
19533,2185
19533,2193
19533,2209
19533,2247
19533,2282
19533,2287
19533,2308
19533,2309
19533,2341
19533,2378
19533,2394
19533,2405
19533,2410
19533,2449
19533,2462
19533,2477
19533,2500
19533,2526
19533,2582
19533,2586
19533,2594
19533,2629
19533,2633
19533,2643
19533,2668
19533,2681
19533,2689
19533,5662
19582,1815
19582,1839
19582,1846
19582,1855
19582,1867
19582,1899
19582,1904
19582,1918
19582,1924
19582,1936
19582,1979
19582,2039
19582,2073
19582,2095
19582,2111
19582,2142
19582,2152
19582,2162
19582,2169
19582,2230
19582,2247
19582,2287
19582,2341
19582,2394
19582,2400
19582,2401
19582,2405
19582,2410
19582,2477
19582,2500
19582,2504
19582,2532
19582,2536
19582,2586
19582,2594
19582,2662
19582,2668
19582,2701
19582,5611
19582,5636
19582,5662
19582,42874
19511,1800
19511,1815
19511,1839
19511,1883
19511,1887
19511,1899
19511,1906
19511,1918
19511,1936
19511,1967
19511,1979
19511,1984
19511,1991
19511,2039
19511,2059
19511,2067
19511,2109
19511,2111
19511,2137
19511,2151
19511,2162
19511,2163
19511,2168
19511,2169
19511,2179
19511,2180
19511,2185
19511,2209
19511,2230
19511,2287
19511,2309
19511,2394
19511,2399
19511,2400
19511,2449
19511,2477
19511,2504
19511,2526
19511,2532
19511,2536
19511,2545
19511,2581
19511,2582
19511,2586
19511,2594
19511,2600
19511,2633
19511,2643
19511,2679
19511,2689
19511,2733
19511,4412
19511,5636
19511,5662
19511,41292
19511,41748
19511,2140
19487,1807
19487,1815
19487,1837
19487,1855
19487,1904
19487,1906
19487,1918
19487,1936
19487,1972
19487,2039
19487,2048
19487,2059
19487,2073
19487,2102
19487,2140
19487,2161
19487,2162
19487,2163
19487,2168
19487,2180
19487,2190
19487,2193
19487,2209
19487,2234
19487,2287
19487,2294
19487,2341
19487,2378
19487,2394
19487,2399
19487,2400
19487,2504
19487,2526
19487,2532
19487,2536
19487,2586
19487,2594
19487,2629
19487,2633
19487,2681
19487,4412
19487,5636
19487,41292
19487,42874
19462,1800
19462,1837
19462,1840
19462,1846
19462,1855
19462,1899
19462,1906
19462,1918
19462,1924
19462,1967
19462,1972
19462,1978
19462,2059
19462,2067
19462,2109
19462,2151
19462,2152
19462,2168
19462,2169
19462,2179
19462,2180
19462,2190
19462,2294
19462,2308
19462,2341
19462,2399
19462,2400
19462,2410
19462,2477
19462,2500
19462,2536
19462,2581
19462,2586
19462,2600
19462,2629
19462,2668
19462,2679
19462,5542
19462,5636
19482,1837
19482,1839
19482,1840
19482,1855
19482,1867
19482,1883
19482,1887
19482,1899
19482,1904
19482,1918
19482,1924
19482,1936
19482,1967
19482,1972
19482,1979
19482,1980
19482,1982
19482,1991
19482,2039
19482,2048
19482,2059
19482,2073
19482,2109
19482,2111
19482,2137
19482,2140
19482,2162
19482,2163
19482,2179
19482,2180
19482,2190
19482,2209
19482,2247
19482,2282
19482,2287
19482,2294
19482,2341
19482,2394
19482,2400
19482,2401
19482,2405
19482,2449
19482,2500
19482,2504
19482,2536
19482,2545
19482,2569
19482,2582
19482,2586
19482,2600
19482,2643
19482,2681
19482,2689
19482,2701
19482,2733
19482,4412
19482,5542
19482,5662
19482,41748
19482,42874
19546,1906
19546,1936
19546,1979
19546,1982
19546,2039
19546,2142
19546,2161
19546,2282
19546,2308
19546,2477
19546,2536
19546,2643
19546,2701
19546,2733
19546,5611
19546,2294
19502,1800
19502,1855
19502,1936
19502,1978
19502,1982
19502,2048
19502,2059
19502,2102
19502,2109
19502,2111
19502,2137
19502,2168
19502,2190
19502,2282
19502,2394
19502,2400
19502,2410
19502,2462
19502,2500
19502,2526
19502,2689
19502,5542
19485,1815
19485,1837
19485,1906
19485,1978
19485,1979
19485,1980
19485,1982
19485,1984
19485,2102
19485,2109
19485,2137
19485,2193
19485,2209
19485,2230
19485,2287
19485,2308
19485,2449
19485,2462
19485,2500
19485,2504
19485,2633
19485,2679
19485,2701
19485,5611
19485,5636
19485,42874
19486,1815
19486,1837
19486,1840
19486,1846
19486,1867
19486,1887
19486,1967
19486,1972
19486,1979
19486,2039
19486,2059
19486,2067
19486,2102
19486,2111
19486,2140
19486,2152
19486,2161
19486,2163
19486,2168
19486,2169
19486,2179
19486,2183
19486,2193
19486,2230
19486,2234
19486,2247
19486,2282
19486,2287
19486,2308
19486,2341
19486,2378
19486,2394
19486,2399
19486,2400
19486,2401
19486,2462
19486,2504
19486,2526
19486,2536
19486,2545
19486,2586
19486,2594
19486,2600
19486,2629
19486,2662
19486,2668
19486,2679
19486,2681
19486,2701
19486,2733
19486,4412
19486,5542
19486,5611
19486,5636
19486,5662
19486,41292
19496,1815
19496,1837
19496,1918
19496,1979
19496,2142
19496,2400
19496,2581
19525,1815
19525,1837
19525,1846
19525,1899
19525,1936
19525,1982
19525,2102
19525,2152
19525,2161
19525,2163
19525,2209
19525,2230
19525,2234
19525,2282
19525,2410
19525,2500
19525,2504
19525,2536
19525,2594
19525,2600
19525,2629
19525,2643
19525,2733
19525,5662
19557,1800
19557,1815
19557,1837
19557,1839
19557,1840
19557,1846
19557,1855
19557,1883
19557,1887
19557,1899
19557,1904
19557,1918
19557,1924
19557,1936
19557,1967
19557,1972
19557,1978
19557,1980
19557,2039
19557,2048
19557,2059
19557,2067
19557,2102
19557,2109
19557,2111
19557,2152
19557,2163
19557,2169
19557,2185
19557,2193
19557,2209
19557,2230
19557,2234
19557,2282
19557,2287
19557,2308
19557,2309
19557,2399
19557,2400
19557,2405
19557,2462
19557,2477
19557,2532
19557,2536
19557,2581
19557,2586
19557,2594
19557,2600
19557,2629
19557,2643
19557,2662
19557,2679
19557,2701
19557,2733
19557,5542
19557,41292
19557,41748
19557,42874
19534,1837
19534,1846
19534,1855
19534,1887
19534,1899
19534,1936
19534,1967
19534,1972
19534,1979
19534,1984
19534,2140
19534,2162
19534,2163
19534,2179
19534,2183
19534,2190
19534,2230
19534,2282
19534,2341
19534,2378
19534,2394
19534,2399
19534,2400
19534,2401
19534,2405
19534,2545
19534,2569
19534,2582
19534,2586
19534,2600
19534,2629
19534,2643
19534,2662
19534,2681
19534,2701
19534,2733
19534,4412
19534,5542
19534,5611
19534,5636
19534,5662
19534,41748
19534,2102
19585,1800
19585,1899
19585,1904
19585,1906
19585,1936
19585,1967
19585,1979
19585,2039
19585,2067
19585,2073
19585,2095
19585,2102
19585,2109
19585,2142
19585,2152
19585,2162
19585,2230
19585,2287
19585,2308
19585,2399
19585,2405
19585,2449
19585,2526
19585,2532
19585,2536
19585,2581
19585,2600
19585,2629
19585,2633
19585,2668
19585,2681
19585,4412
19585,5611
19585,42874
19516,1807
19516,1815
19516,1839
19516,1899
19516,1904
19516,1906
19516,1924
19516,1967
19516,1978
19516,2095
19516,2109
19516,2152
19516,2168
19516,2183
19516,2190
19516,2401
19516,2462
19516,2477
19516,2504
19516,2532
19516,2581
19516,2594
19516,2662
19516,2668
19516,2701
19516,5662
19516,42874
19567,1815
19567,1837
19567,1840
19567,1867
19567,1883
19567,1972
19567,1982
19567,1984
19567,1991
19567,2039
19567,2059
19567,2073
19567,2109
19567,2152
19567,2161
19567,2162
19567,2163
19567,2168
19567,2179
19567,2183
19567,2185
19567,2190
19567,2230
19567,2234
19567,2282
19567,2287
19567,2294
19567,2308
19567,2378
19567,2394
19567,2401
19567,2477
19567,2504
19567,2526
19567,2536
19567,2569
19567,2581
19567,2582
19567,2668
19567,2679
19567,2681
19567,2701
19567,2733
19567,5662
19567,42874
19476,1800
19476,1807
19476,1815
19476,1837
19476,1839
19476,1840
19476,1867
19476,1887
19476,1899
19476,1906
19476,1918
19476,1979
19476,1984
19476,1991
19476,2039
19476,2048
19476,2059
19476,2102
19476,2111
19476,2137
19476,2140
19476,2151
19476,2161
19476,2162
19476,2179
19476,2180
19476,2183
19476,2185
19476,2190
19476,2193
19476,2230
19476,2247
19476,2282
19476,2294
19476,2308
19476,2309
19476,2399
19476,2400
19476,2405
19476,2462
19476,2504
19476,2536
19476,2581
19476,2586
19476,2629
19476,2662
19476,2668
19476,2679
19476,2681
19476,2689
19476,5662
19476,41748
19476,5542
19475,1840
19475,1855
19475,1904
19475,1906
19475,1918
19475,1936
19475,1982
19475,1984
19475,2039
19475,2059
19475,2067
19475,2095
19475,2102
19475,2163
19475,2168
19475,2180
19475,2183
19475,2190
19475,2209
19475,2230
19475,2294
19475,2308
19475,2399
19475,2400
19475,2401
19475,2410
19475,2462
19475,2500
19475,2526
19475,2536
19475,2569
19475,2581
19475,2582
19475,2594
19475,2600
19475,2629
19475,2633
19475,2643
19475,2668
19475,2679
19475,2681
19475,4412
19475,5542
19475,5636
19475,5662
19475,41292
19475,41748
19475,42874
19549,1800
19549,1807
19549,1815
19549,1840
19549,1846
19549,1855
19549,1867
19549,1887
19549,1899
19549,1906
19549,1918
19549,1924
19549,1979
19549,1980
19549,1982
19549,1984
19549,1991
19549,2059
19549,2067
19549,2073
19549,2109
19549,2137
19549,2140
19549,2152
19549,2161
19549,2168
19549,2180
19549,2183
19549,2190
19549,2230
19549,2247
19549,2294
19549,2309
19549,2341
19549,2400
19549,2405
19549,2449
19549,2462
19549,2477
19549,2536
19549,2569
19549,2581
19549,2582
19549,2586
19549,2594
19549,2633
19549,4412
19549,5542
19549,5636
19549,42874
19553,1807
19553,1839
19553,1855
19553,1887
19553,1899
19553,1904
19553,1924
19553,1967
19553,1978
19553,1980
19553,2039
19553,2048
19553,2067
19553,2073
19553,2102
19553,2111
19553,2137
19553,2142
19553,2151
19553,2162
19553,2163
19553,2168
19553,2169
19553,2180
19553,2193
19553,2230
19553,2234
19553,2282
19553,2287
19553,2294
19553,2341
19553,2394
19553,2399
19553,2401
19553,2405
19553,2462
19553,2477
19553,2500
19553,2545
19553,2569
19553,2581
19553,2586
19553,2594
19553,2600
19553,2633
19553,2643
19553,2668
19553,2681
19553,2689
19553,4412
19553,5542
19553,5611
19553,5636
19553,5662
19553,41292
19501,1807
19501,1837
19501,1839
19501,1867
19501,1887
19501,1899
19501,1918
19501,1924
19501,1967
19501,1980
19501,1991
19501,2039
19501,2059
19501,2067
19501,2109
19501,2137
19501,2179
19501,2193
19501,2287
19501,2401
19501,2405
19501,2449
19501,2504
19501,2569
19501,2581
19501,2586
19501,2594
19501,5611
19501,5636
19501,5662
19501,41748
19501,42874
19595,1807
19595,1815
19595,1837
19595,1839
19595,1846
19595,1855
19595,1867
19595,1887
19595,1899
19595,1904
19595,1906
19595,1924
19595,1936
19595,1978
19595,1979
19595,1980
19595,1982
19595,1991
19595,2039
19595,2048
19595,2059
19595,2067
19595,2095
19595,2137
19595,2142
19595,2151
19595,2152
19595,2161
19595,2163
19595,2168
19595,2230
19595,2309
19595,2341
19595,2394
19595,2405
19595,2477
19595,2504
19595,2532
19595,2536
19595,2545
19595,2569
19595,2582
19595,2586
19595,2629
19595,2643
19595,2679
19595,2681
19595,2701
19595,4412
19595,5636
19595,5611
19573,1800
19573,1807
19573,1839
19573,1840
19573,1846
19573,1867
19573,1883
19573,1887
19573,1899
19573,1904
19573,1918
19573,1924
19573,1967
19573,1972
19573,1978
19573,1979
19573,1982
19573,1984
19573,2039
19573,2048
19573,2067
19573,2073
19573,2095
19573,2111
19573,2137
19573,2140
19573,2152
19573,2161
19573,2168
19573,2169
19573,2179
19573,2183
19573,2185
19573,2190
19573,2230
19573,2247
19573,2308
19573,2341
19573,2399
19573,2400
19573,2401
19573,2405
19573,2500
19573,2504
19573,2526
19573,2532
19573,2586
19573,2594
19573,2643
19573,2679
19573,2701
19573,4412
19573,5542
19573,5611
19573,5636
19573,41292
19573,41748
19573,42874
19594,1807
19594,1837
19594,1840
19594,1846
19594,1906
19594,1978
19594,1980
19594,2039
19594,2067
19594,2095
19594,2102
19594,2109
19594,2111
19594,2137
19594,2152
19594,2163
19594,2168
19594,2193
19594,2209
19594,2247
19594,2308
19594,2309
19594,2394
19594,2399
19594,2410
19594,2449
19594,2462
19594,2504
19594,2526
19594,2532
19594,2545
19594,2581
19594,2668
19594,2679
19594,2681
19594,2701
19594,2733
19594,4412
19594,5611
19594,5662
19594,41292
19594,41748
19528,1800
19528,1807
19528,1815
19528,1837
19528,1839
19528,1867
19528,1887
19528,1899
19528,1904
19528,1906
19528,1918
19528,1967
19528,1978
19528,1982
19528,1991
19528,2048
19528,2067
19528,2102
19528,2111
19528,2140
19528,2151
19528,2163
19528,2168
19528,2169
19528,2179
19528,2180
19528,2183
19528,2190
19528,2193
19528,2230
19528,2247
19528,2294
19528,2308
19528,2309
19528,2378
19528,2399
19528,2401
19528,2410
19528,2449
19528,2500
19528,2526
19528,2532
19528,2569
19528,2581
19528,2586
19528,2633
19528,2643
19528,2679
19528,2681
19528,2701
19528,5542
19528,5611
19528,41748
19528,42874
19552,1800
19552,1807
19552,1815
19552,1855
19552,1867
19552,1887
19552,1899
19552,1904
19552,1906
19552,1918
19552,1924
19552,1978
19552,1980
19552,1982
19552,1984
19552,1991
19552,2048
19552,2102
19552,2111
19552,2152
19552,2163
19552,2168
19552,2179
19552,2209
19552,2247
19552,2308
19552,2378
19552,2410
19552,2449
19552,2462
19552,2477
19552,2500
19552,2504
19552,2594
19552,2629
19552,2681
19552,2689
19552,41292
19552,42874
19552,2532
19590,1807
19590,1980
19590,1982
19590,2067
19590,2111
19590,2142
19590,2151
19590,2163
19590,2209
19590,2230
19590,2449
19590,2504
19590,2600
19590,2629
19590,2681
19591,1815
19591,1839
19591,1846
19591,1867
19591,1883
19591,1887
19591,1899
19591,1904
19591,1906
19591,1918
19591,1924
19591,1936
19591,1967
19591,1972
19591,1978
19591,1979
19591,1982
19591,2039
19591,2048
19591,2059
19591,2073
19591,2102
19591,2137
19591,2140
19591,2152
19591,2161
19591,2162
19591,2163
19591,2168
19591,2180
19591,2190
19591,2193
19591,2209
19591,2247
19591,2309
19591,2378
19591,2394
19591,2400
19591,2405
19591,2449
19591,2462
19591,2477
19591,2500
19591,2526
19591,2532
19591,2536
19591,2569
19591,2581
19591,2582
19591,2594
19591,2600
19591,2668
19591,2679
19591,2681
19591,2701
19591,5542
19591,5611
19591,41292
19591,41748
19591,42874
